脚本启动于 2026-10-05 02:27:22+08:00 [COMMAND="uv run dida" <not executed on terminal>]
q[?1049h[?1000h[?1003h[?1015h[?1006h[?25l[?1004h[>25u[?2026$p[?2048$p[?2004h[?7l[?1000h[?1003h[?1015h[?1006h]22;default[1;1H[38;2;185;185;185;48;2;18;18;18m╭[0m[38;2;185;185;185;48;2;18;18;18m─[0m[38;2;185;185;185;48;2;18;18;18m 清单 [0m[38;2;185;185;185;48;2;18;18;18m───────────[0m[38;2;185;185;185;48;2;18;18;18m╮[0m[38;2;185;185;185;48;2;18;18;18m╭[0m[38;2;185;185;185;48;2;18;18;18m─[0m[38;2;185;185;185;48;2;18;18;18m 今日 [0m[38;2;185;185;185;48;2;18;18;18m─────────────────[0m[38;2;185;185;185;48;2;18;18;18m╮[0m[38;2;185;185;185;48;2;18;18;18m╭[0m[38;2;185;185;185;48;2;18;18;18m─[0m[38;2;185;185;185;48;2;18;18;18m 详情 [0m[38;2;185;185;185;48;2;18;18;18m─────────────────────────[0m[38;2;185;185;185;48;2;18;18;18m╮[0m
[2;1H[38;2;185;185;185;48;2;18;18;18m│[0m[38;2;94;94;94;48;2;18;18;18m（未接入）[0m[48;2;18;18;18m        [0m[38;2;185;185;185;48;2;18;18;18m│[0m[38;2;185;185;185;48;2;18;18;18m│[0m[38;2;94;94;94;48;2;18;18;18m（未接入）[0m[48;2;18;18;18m              [0m[38;2;185;185;185;48;2;18;18;18m│[0m[38;2;185;185;185;48;2;18;18;18m│[0m[38;2;94;94;94;48;2;18;18;18m（未接入）[0m[48;2;18;18;18m                      [0m[38;2;185;185;185;48;2;18;18;18m│[0m
[3;1H[38;2;185;185;185;48;2;18;18;18m│[0m[48;2;18;18;18m                  [0m[38;2;185;185;185;48;2;18;18;18m│[0m[38;2;185;185;185;48;2;18;18;18m│[0m[48;2;18;18;18m                        [0m[38;2;185;185;185;48;2;18;18;18m│[0m[38;2;185;185;185;48;2;18;18;18m│[0m[48;2;18;18;18m                                [0m[38;2;185;185;185;48;2;18;18;18m│[0m
[4;1H[38;2;185;185;185;48;2;18;18;18m│[0m[48;2;18;18;18m                  [0m[38;2;185;185;185;48;2;18;18;18m│[0m[38;2;185;185;185;48;2;18;18;18m│[0m[48;2;18;18;18m                        [0m[38;2;185;185;185;48;2;18;18;18m│[0m[38;2;185;185;185;48;2;18;18;18m│[0m[48;2;18;18;18m                                [0m[38;2;185;185;185;48;2;18;18;18m│[0m
[5;1H[38;2;185;185;185;48;2;18;18;18m│[0m[48;2;18;18;18m                  [0m[38;2;185;185;185;48;2;18;18;18m│[0m[38;2;185;185;185;48;2;18;18;18m│[0m[48;2;18;18;18m                        [0m[38;2;185;185;185;48;2;18;18;18m│[0m[38;2;185;185;185;48;2;18;18;18m│[0m[48;2;18;18;18m                                [0m[38;2;185;185;185;48;2;18;18;18m│[0m
[6;1H[38;2;185;185;185;48;2;18;18;18m│[0m[48;2;18;18;18m                  [0m[38;2;185;185;185;48;2;18;18;18m│[0m[38;2;185;185;185;48;2;18;18;18m│[0m[48;2;18;18;18m                        [0m[38;2;185;185;185;48;2;18;18;18m│[0m[38;2;185;185;185;48;2;18;18;18m│[0m[48;2;18;18;18m                                [0m[38;2;185;185;185;48;2;18;18;18m│[0m
[7;1H[38;2;185;185;185;48;2;18;18;18m│[0m[48;2;18;18;18m                  [0m[38;2;185;185;185;48;2;18;18;18m│[0m[38;2;185;185;185;48;2;18;18;18m│[0m[48;2;18;18;18m                        [0m[38;2;185;185;185;48;2;18;18;18m│[0m[38;2;185;185;185;48;2;18;18;18m│[0m[48;2;18;18;18m                                [0m[38;2;185;185;185;48;2;18;18;18m│[0m
[8;1H[38;2;185;185;185;48;2;18;18;18m│[0m[48;2;18;18;18m                  [0m[38;2;185;185;185;48;2;18;18;18m│[0m[38;2;185;185;185;48;2;18;18;18m│[0m[48;2;18;18;18m                        [0m[38;2;185;185;185;48;2;18;18;18m│[0m[38;2;185;185;185;48;2;18;18;18m│[0m[48;2;18;18;18m                                [0m[38;2;185;185;185;48;2;18;18;18m│[0m
[9;1H[38;2;185;185;185;48;2;18;18;18m│[0m[48;2;18;18;18m                  [0m[38;2;185;185;185;48;2;18;18;18m│[0m[38;2;185;185;185;48;2;18;18;18m│[0m[48;2;18;18;18m                        [0m[38;2;185;185;185;48;2;18;18;18m│[0m[38;2;185;185;185;48;2;18;18;18m│[0m[48;2;18;18;18m                                [0m[38;2;185;185;185;48;2;18;18;18m│[0m
[10;1H[38;2;185;185;185;48;2;18;18;18m│[0m[48;2;18;18;18m                  [0m[38;2;185;185;185;48;2;18;18;18m│[0m[38;2;185;185;185;48;2;18;18;18m│[0m[48;2;18;18;18m                        [0m[38;2;185;185;185;48;2;18;18;18m│[0m[38;2;185;185;185;48;2;18;18;18m│[0m[48;2;18;18;18m                                [0m[38;2;185;185;185;48;2;18;18;18m│[0m
[11;1H[38;2;185;185;185;48;2;18;18;18m│[0m[48;2;18;18;18m                  [0m[38;2;185;185;185;48;2;18;18;18m│[0m[38;2;185;185;185;48;2;18;18;18m│[0m[48;2;18;18;18m                        [0m[38;2;185;185;185;48;2;18;18;18m│[0m[38;2;185;185;185;48;2;18;18;18m│[0m[48;2;18;18;18m                                [0m[38;2;185;185;185;48;2;18;18;18m│[0m
[12;1H[38;2;185;185;185;48;2;18;18;18m│[0m[48;2;18;18;18m                  [0m[38;2;185;185;185;48;2;18;18;18m│[0m[38;2;185;185;185;48;2;18;18;18m│[0m[48;2;18;18;18m                        [0m[38;2;185;185;185;48;2;18;18;18m│[0m[38;2;185;185;185;48;2;18;18;18m│[0m[48;2;18;18;18m                                [0m[38;2;185;185;185;48;2;18;18;18m│[0m
[13;1H[38;2;185;185;185;48;2;18;18;18m│[0m[48;2;18;18;18m                  [0m[38;2;185;185;185;48;2;18;18;18m│[0m[38;2;185;185;185;48;2;18;18;18m│[0m[48;2;18;18;18m                        [0m[38;2;185;185;185;48;2;18;18;18m│[0m[38;2;185;185;185;48;2;18;18;18m│[0m[48;2;18;18;18m                                [0m[38;2;185;185;185;48;2;18;18;18m│[0m
[14;1H[38;2;185;185;185;48;2;18;18;18m│[0m[48;2;18;18;18m                  [0m[38;2;185;185;185;48;2;18;18;18m│[0m[38;2;185;185;185;48;2;18;18;18m│[0m[48;2;18;18;18m                        [0m[38;2;185;185;185;48;2;18;18;18m│[0m[38;2;185;185;185;48;2;18;18;18m│[0m[48;2;18;18;18m                                [0m[38;2;185;185;185;48;2;18;18;18m│[0m
[15;1H[38;2;185;185;185;48;2;18;18;18m│[0m[48;2;18;18;18m                  [0m[38;2;185;185;185;48;2;18;18;18m│[0m[38;2;185;185;185;48;2;18;18;18m│[0m[48;2;18;18;18m                        [0m[38;2;185;185;185;48;2;18;18;18m│[0m[38;2;185;185;185;48;2;18;18;18m│[0m[48;2;18;18;18m                                [0m[38;2;185;185;185;48;2;18;18;18m│[0m
[16;1H[38;2;185;185;185;48;2;18;18;18m│[0m[48;2;18;18;18m                  [0m[38;2;185;185;185;48;2;18;18;18m│[0m[38;2;185;185;185;48;2;18;18;18m│[0m[48;2;18;18;18m                        [0m[38;2;185;185;185;48;2;18;18;18m│[0m[38;2;185;185;185;48;2;18;18;18m│[0m[48;2;18;18;18m                                [0m[38;2;185;185;185;48;2;18;18;18m│[0m
[17;1H[38;2;185;185;185;48;2;18;18;18m│[0m[48;2;18;18;18m                  [0m[38;2;185;185;185;48;2;18;18;18m│[0m[38;2;185;185;185;48;2;18;18;18m│[0m[48;2;18;18;18m                        [0m[38;2;185;185;185;48;2;18;18;18m│[0m[38;2;185;185;185;48;2;18;18;18m│[0m[48;2;18;18;18m                                [0m[38;2;185;185;185;48;2;18;18;18m│[0m
[18;1H[38;2;185;185;185;48;2;18;18;18m│[0m[48;2;18;18;18m                  [0m[38;2;185;185;185;48;2;18;18;18m│[0m[38;2;185;185;185;48;2;18;18;18m│[0m[48;2;18;18;18m                        [0m[38;2;185;185;185;48;2;18;18;18m│[0m[38;2;185;185;185;48;2;18;18;18m│[0m[48;2;18;18;18m                                [0m[38;2;185;185;185;48;2;18;18;18m│[0m
[19;1H[38;2;185;185;185;48;2;18;18;18m│[0m[48;2;18;18;18m                  [0m[38;2;185;185;185;48;2;18;18;18m│[0m[38;2;185;185;185;48;2;18;18;18m│[0m[48;2;18;18;18m                        [0m[38;2;185;185;185;48;2;18;18;18m│[0m[38;2;185;185;185;48;2;18;18;18m│[0m[48;2;18;18;18m                                [0m[38;2;185;185;185;48;2;18;18;18m│[0m
[20;1H[38;2;185;185;185;48;2;18;18;18m│[0m[48;2;18;18;18m                  [0m[38;2;185;185;185;48;2;18;18;18m│[0m[38;2;185;185;185;48;2;18;18;18m│[0m[48;2;18;18;18m                        [0m[38;2;185;185;185;48;2;18;18;18m│[0m[38;2;185;185;185;48;2;18;18;18m│[0m[48;2;18;18;18m                                [0m[38;2;185;185;185;48;2;18;18;18m│[0m
[21;1H[38;2;185;185;185;48;2;18;18;18m│[0m[48;2;18;18;18m                  [0m[38;2;185;185;185;48;2;18;18;18m│[0m[38;2;185;185;185;48;2;18;18;18m│[0m[48;2;18;18;18m                        [0m[38;2;185;185;185;48;2;18;18;18m│[0m[38;2;185;185;185;48;2;18;18;18m│[0m[48;2;18;18;18m                                [0m[38;2;185;185;185;48;2;18;18;18m│[0m
[22;1H[38;2;185;185;185;48;2;18;18;18m╰[0m[38;2;185;185;185;48;2;18;18;18m──────────────────[0m[38;2;185;185;185;48;2;18;18;18m╯[0m[38;2;185;185;185;48;2;18;18;18m╰[0m[38;2;185;185;185;48;2;18;18;18m────────────────────────[0m[38;2;185;185;185;48;2;18;18;18m╯[0m[38;2;185;185;185;48;2;18;18;18m╰[0m[38;2;185;185;185;48;2;18;18;18m────────────────────────────────[0m[38;2;185;185;185;48;2;18;18;18m╯[0m
[23;1H[38;2;185;185;185;48;2;18;18;18m已同步 — · 待推送 0 · 逻辑日 —[0m[48;2;18;18;18m                                                  [0m
[24;1H[48;2;45;45;45m                                                                                [0m[1;1H[1;1H[38;2;185;185;185;48;2;18;18;18m╭[0m[38;2;185;185;185;48;2;18;18;18m─[0m[38;2;185;185;185;48;2;18;18;18m 清单 [0m[38;2;185;185;185;48;2;18;18;18m───────────[0m[38;2;185;185;185;48;2;18;18;18m╮[0m[38;2;185;185;185;48;2;18;18;18m╭[0m[38;2;185;185;185;48;2;18;18;18m─[0m[38;2;185;185;185;48;2;18;18;18m 今日 [0m[38;2;185;185;185;48;2;18;18;18m─────────────────[0m[38;2;185;185;185;48;2;18;18;18m╮[0m[38;2;185;185;185;48;2;18;18;18m╭[0m[38;2;185;185;185;48;2;18;18;18m─[0m[38;2;185;185;185;48;2;18;18;18m 详情 [0m[38;2;185;185;185;48;2;18;18;18m─────────────────────────[0m[38;2;185;185;185;48;2;18;18;18m╮[0m
[2;1H[38;2;185;185;185;48;2;18;18;18m│[0m[38;2;94;94;94;48;2;18;18;18m（未接入）[0m[48;2;18;18;18m        [0m[38;2;185;185;185;48;2;18;18;18m│[0m[38;2;185;185;185;48;2;18;18;18m│[0m[38;2;94;94;94;48;2;18;18;18m（未接入）[0m[48;2;18;18;18m              [0m[38;2;185;185;185;48;2;18;18;18m│[0m[38;2;185;185;185;48;2;18;18;18m│[0m[38;2;94;94;94;48;2;18;18;18m（未接入）[0m[48;2;18;18;18m                      [0m[38;2;185;185;185;48;2;18;18;18m│[0m
[3;1H[38;2;185;185;185;48;2;18;18;18m│[0m[48;2;18;18;18m                  [0m[38;2;185;185;185;48;2;18;18;18m│[0m[38;2;185;185;185;48;2;18;18;18m│[0m[48;2;18;18;18m                        [0m[38;2;185;185;185;48;2;18;18;18m│[0m[38;2;185;185;185;48;2;18;18;18m│[0m[48;2;18;18;18m                                [0m[38;2;185;185;185;48;2;18;18;18m│[0m
[4;1H[38;2;185;185;185;48;2;18;18;18m│[0m[48;2;18;18;18m                  [0m[38;2;185;185;185;48;2;18;18;18m│[0m[38;2;185;185;185;48;2;18;18;18m│[0m[48;2;18;18;18m                        [0m[38;2;185;185;185;48;2;18;18;18m│[0m[38;2;185;185;185;48;2;18;18;18m│[0m[48;2;18;18;18m                                [0m[38;2;185;185;185;48;2;18;18;18m│[0m
[5;1H[38;2;185;185;185;48;2;18;18;18m│[0m[48;2;18;18;18m                  [0m[38;2;185;185;185;48;2;18;18;18m│[0m[38;2;185;185;185;48;2;18;18;18m│[0m[48;2;18;18;18m                        [0m[38;2;185;185;185;48;2;18;18;18m│[0m[38;2;185;185;185;48;2;18;18;18m│[0m[48;2;18;18;18m                                [0m[38;2;185;185;185;48;2;18;18;18m│[0m
[6;1H[38;2;185;185;185;48;2;18;18;18m│[0m[48;2;18;18;18m                  [0m[38;2;185;185;185;48;2;18;18;18m│[0m[38;2;185;185;185;48;2;18;18;18m│[0m[48;2;18;18;18m                        [0m[38;2;185;185;185;48;2;18;18;18m│[0m[38;2;185;185;185;48;2;18;18;18m│[0m[48;2;18;18;18m                                [0m[38;2;185;185;185;48;2;18;18;18m│[0m
[7;1H[38;2;185;185;185;48;2;18;18;18m│[0m[48;2;18;18;18m                  [0m[38;2;185;185;185;48;2;18;18;18m│[0m[38;2;185;185;185;48;2;18;18;18m│[0m[48;2;18;18;18m                        [0m[38;2;185;185;185;48;2;18;18;18m│[0m[38;2;185;185;185;48;2;18;18;18m│[0m[48;2;18;18;18m                                [0m[38;2;185;185;185;48;2;18;18;18m│[0m
[8;1H[38;2;185;185;185;48;2;18;18;18m│[0m[48;2;18;18;18m                  [0m[38;2;185;185;185;48;2;18;18;18m│[0m[38;2;185;185;185;48;2;18;18;18m│[0m[48;2;18;18;18m                        [0m[38;2;185;185;185;48;2;18;18;18m│[0m[38;2;185;185;185;48;2;18;18;18m│[0m[48;2;18;18;18m                                [0m[38;2;185;185;185;48;2;18;18;18m│[0m
[9;1H[38;2;185;185;185;48;2;18;18;18m│[0m[48;2;18;18;18m                  [0m[38;2;185;185;185;48;2;18;18;18m│[0m[38;2;185;185;185;48;2;18;18;18m│[0m[48;2;18;18;18m                        [0m[38;2;185;185;185;48;2;18;18;18m│[0m[38;2;185;185;185;48;2;18;18;18m│[0m[48;2;18;18;18m                                [0m[38;2;185;185;185;48;2;18;18;18m│[0m
[10;1H[38;2;185;185;185;48;2;18;18;18m│[0m[48;2;18;18;18m                  [0m[38;2;185;185;185;48;2;18;18;18m│[0m[38;2;185;185;185;48;2;18;18;18m│[0m[48;2;18;18;18m                        [0m[38;2;185;185;185;48;2;18;18;18m│[0m[38;2;185;185;185;48;2;18;18;18m│[0m[48;2;18;18;18m                                [0m[38;2;185;185;185;48;2;18;18;18m│[0m
[11;1H[38;2;185;185;185;48;2;18;18;18m│[0m[48;2;18;18;18m                  [0m[38;2;185;185;185;48;2;18;18;18m│[0m[38;2;185;185;185;48;2;18;18;18m│[0m[48;2;18;18;18m                        [0m[38;2;185;185;185;48;2;18;18;18m│[0m[38;2;185;185;185;48;2;18;18;18m│[0m[48;2;18;18;18m                                [0m[38;2;185;185;185;48;2;18;18;18m│[0m
[12;1H[38;2;185;185;185;48;2;18;18;18m│[0m[48;2;18;18;18m                  [0m[38;2;185;185;185;48;2;18;18;18m│[0m[38;2;185;185;185;48;2;18;18;18m│[0m[48;2;18;18;18m                        [0m[38;2;185;185;185;48;2;18;18;18m│[0m[38;2;185;185;185;48;2;18;18;18m│[0m[48;2;18;18;18m                                [0m[38;2;185;185;185;48;2;18;18;18m│[0m
[13;1H[38;2;185;185;185;48;2;18;18;18m│[0m[48;2;18;18;18m                  [0m[38;2;185;185;185;48;2;18;18;18m│[0m[38;2;185;185;185;48;2;18;18;18m│[0m[48;2;18;18;18m                        [0m[38;2;185;185;185;48;2;18;18;18m│[0m[38;2;185;185;185;48;2;18;18;18m│[0m[48;2;18;18;18m                                [0m[38;2;185;185;185;48;2;18;18;18m│[0m
[14;1H[38;2;185;185;185;48;2;18;18;18m│[0m[48;2;18;18;18m                  [0m[38;2;185;185;185;48;2;18;18;18m│[0m[38;2;185;185;185;48;2;18;18;18m│[0m[48;2;18;18;18m                        [0m[38;2;185;185;185;48;2;18;18;18m│[0m[38;2;185;185;185;48;2;18;18;18m│[0m[48;2;18;18;18m                                [0m[38;2;185;185;185;48;2;18;18;18m│[0m
[15;1H[38;2;185;185;185;48;2;18;18;18m│[0m[48;2;18;18;18m                  [0m[38;2;185;185;185;48;2;18;18;18m│[0m[38;2;185;185;185;48;2;18;18;18m│[0m[48;2;18;18;18m                        [0m[38;2;185;185;185;48;2;18;18;18m│[0m[38;2;185;185;185;48;2;18;18;18m│[0m[48;2;18;18;18m                                [0m[38;2;185;185;185;48;2;18;18;18m│[0m
[16;1H[38;2;185;185;185;48;2;18;18;18m│[0m[48;2;18;18;18m                  [0m[38;2;185;185;185;48;2;18;18;18m│[0m[38;2;185;185;185;48;2;18;18;18m│[0m[48;2;18;18;18m                        [0m[38;2;185;185;185;48;2;18;18;18m│[0m[38;2;185;185;185;48;2;18;18;18m│[0m[48;2;18;18;18m                                [0m[38;2;185;185;185;48;2;18;18;18m│[0m
[17;1H[38;2;185;185;185;48;2;18;18;18m│[0m[48;2;18;18;18m                  [0m[38;2;185;185;185;48;2;18;18;18m│[0m[38;2;185;185;185;48;2;18;18;18m│[0m[48;2;18;18;18m                        [0m[38;2;185;185;185;48;2;18;18;18m│[0m[38;2;185;185;185;48;2;18;18;18m│[0m[48;2;18;18;18m                                [0m[38;2;185;185;185;48;2;18;18;18m│[0m
[18;1H[38;2;185;185;185;48;2;18;18;18m│[0m[48;2;18;18;18m                  [0m[38;2;185;185;185;48;2;18;18;18m│[0m[38;2;185;185;185;48;2;18;18;18m│[0m[48;2;18;18;18m                        [0m[38;2;185;185;185;48;2;18;18;18m│[0m[38;2;185;185;185;48;2;18;18;18m│[0m[48;2;18;18;18m                                [0m[38;2;185;185;185;48;2;18;18;18m│[0m
[19;1H[38;2;185;185;185;48;2;18;18;18m│[0m[48;2;18;18;18m                  [0m[38;2;185;185;185;48;2;18;18;18m│[0m[38;2;185;185;185;48;2;18;18;18m│[0m[48;2;18;18;18m                        [0m[38;2;185;185;185;48;2;18;18;18m│[0m[38;2;185;185;185;48;2;18;18;18m│[0m[48;2;18;18;18m                                [0m[38;2;185;185;185;48;2;18;18;18m│[0m
[20;1H[38;2;185;185;185;48;2;18;18;18m│[0m[48;2;18;18;18m                  [0m[38;2;185;185;185;48;2;18;18;18m│[0m[38;2;185;185;185;48;2;18;18;18m│[0m[48;2;18;18;18m                        [0m[38;2;185;185;185;48;2;18;18;18m│[0m[38;2;185;185;185;48;2;18;18;18m│[0m[48;2;18;18;18m                                [0m[38;2;185;185;185;48;2;18;18;18m│[0m
[21;1H[38;2;185;185;185;48;2;18;18;18m│[0m[48;2;18;18;18m                  [0m[38;2;185;185;185;48;2;18;18;18m│[0m[38;2;185;185;185;48;2;18;18;18m│[0m[48;2;18;18;18m                        [0m[38;2;185;185;185;48;2;18;18;18m│[0m[38;2;185;185;185;48;2;18;18;18m│[0m[48;2;18;18;18m                                [0m[38;2;185;185;185;48;2;18;18;18m│[0m
[22;1H[38;2;185;185;185;48;2;18;18;18m│[0m[48;2;18;18;18m                  [0m[38;2;185;185;185;48;2;18;18;18m│[0m[38;2;185;185;185;48;2;18;18;18m│[0m[48;2;18;18;18m                        [0m[38;2;185;185;185;48;2;18;18;18m│[0m[38;2;185;185;185;48;2;18;18;18m│[0m[48;2;18;18;18m                                [0m[38;2;185;185;185;48;2;18;18;18m│[0m
[23;1H[38;2;185;185;185;48;2;18;18;18m╰[0m[38;2;185;185;185;48;2;18;18;18m──────────────────[0m[38;2;185;185;185;48;2;18;18;18m╯[0m[38;2;185;185;185;48;2;18;18;18m╰[0m[38;2;185;185;185;48;2;18;18;18m────────────────────────[0m[38;2;185;185;185;48;2;18;18;18m╯[0m[38;2;185;185;185;48;2;18;18;18m╰[0m[38;2;185;185;185;48;2;18;18;18m────────────────────────────────[0m[38;2;185;185;185;48;2;18;18;18m╯[0m
[24;1H[38;2;185;185;185;48;2;18;18;18m已同步 — · 待推送 0 · 逻辑日 —[0m[48;2;18;18;18m                                                  [0m
[25;1H[48;2;45;45;45m                                                                                [0m[1;1H[1;1H[38;2;185;185;185;48;2;18;18;18m╭[0m[38;2;185;185;185;48;2;18;18;18m─[0m[38;2;185;185;185;48;2;18;18;18m 清单 [0m[38;2;185;185;185;48;2;18;18;18m───────────[0m[38;2;185;185;185;48;2;18;18;18m╮[0m[38;2;185;185;185;48;2;18;18;18m╭[0m[38;2;185;185;185;48;2;18;18;18m─[0m[38;2;185;185;185;48;2;18;18;18m 今日 [0m[38;2;185;185;185;48;2;18;18;18m─────────────────[0m[38;2;185;185;185;48;2;18;18;18m╮[0m[38;2;185;185;185;48;2;18;18;18m╭[0m[38;2;185;185;185;48;2;18;18;18m─[0m[38;2;185;185;185;48;2;18;18;18m 详情 [0m[38;2;185;185;185;48;2;18;18;18m─────────────────────────[0m[38;2;185;185;185;48;2;18;18;18m╮[0m
[2;1H[38;2;185;185;185;48;2;18;18;18m│[0m[38;2;94;94;94;48;2;18;18;18m（未接入）[0m[48;2;18;18;18m        [0m[38;2;185;185;185;48;2;18;18;18m│[0m[38;2;185;185;185;48;2;18;18;18m│[0m[38;2;94;94;94;48;2;18;18;18m（未接入）[0m[48;2;18;18;18m              [0m[38;2;185;185;185;48;2;18;18;18m│[0m[38;2;185;185;185;48;2;18;18;18m│[0m[38;2;94;94;94;48;2;18;18;18m（未接入）[0m[48;2;18;18;18m                      [0m[38;2;185;185;185;48;2;18;18;18m│[0m
[3;1H[38;2;185;185;185;48;2;18;18;18m│[0m[48;2;18;18;18m                  [0m[38;2;185;185;185;48;2;18;18;18m│[0m[38;2;185;185;185;48;2;18;18;18m│[0m[48;2;18;18;18m                        [0m[38;2;185;185;185;48;2;18;18;18m│[0m[38;2;185;185;185;48;2;18;18;18m│[0m[48;2;18;18;18m                                [0m[38;2;185;185;185;48;2;18;18;18m│[0m
[4;1H[38;2;185;185;185;48;2;18;18;18m│[0m[48;2;18;18;18m                  [0m[38;2;185;185;185;48;2;18;18;18m│[0m[38;2;185;185;185;48;2;18;18;18m│[0m[48;2;18;18;18m                        [0m[38;2;185;185;185;48;2;18;18;18m│[0m[38;2;185;185;185;48;2;18;18;18m│[0m[48;2;18;18;18m                                [0m[38;2;185;185;185;48;2;18;18;18m│[0m
[5;1H[38;2;185;185;185;48;2;18;18;18m│[0m[48;2;18;18;18m                  [0m[38;2;185;185;185;48;2;18;18;18m│[0m[38;2;185;185;185;48;2;18;18;18m│[0m[48;2;18;18;18m                        [0m[38;2;185;185;185;48;2;18;18;18m│[0m[38;2;185;185;185;48;2;18;18;18m│[0m[48;2;18;18;18m                                [0m[38;2;185;185;185;48;2;18;18;18m│[0m
[6;1H[38;2;185;185;185;48;2;18;18;18m│[0m[48;2;18;18;18m                  [0m[38;2;185;185;185;48;2;18;18;18m│[0m[38;2;185;185;185;48;2;18;18;18m│[0m[48;2;18;18;18m                        [0m[38;2;185;185;185;48;2;18;18;18m│[0m[38;2;185;185;185;48;2;18;18;18m│[0m[48;2;18;18;18m                                [0m[38;2;185;185;185;48;2;18;18;18m│[0m
[7;1H[38;2;185;185;185;48;2;18;18;18m│[0m[48;2;18;18;18m                  [0m[38;2;185;185;185;48;2;18;18;18m│[0m[38;2;185;185;185;48;2;18;18;18m│[0m[48;2;18;18;18m                        [0m[38;2;185;185;185;48;2;18;18;18m│[0m[38;2;185;185;185;48;2;18;18;18m│[0m[48;2;18;18;18m                                [0m[38;2;185;185;185;48;2;18;18;18m│[0m
[8;1H[38;2;185;185;185;48;2;18;18;18m│[0m[48;2;18;18;18m                  [0m[38;2;185;185;185;48;2;18;18;18m│[0m[38;2;185;185;185;48;2;18;18;18m│[0m[48;2;18;18;18m                        [0m[38;2;185;185;185;48;2;18;18;18m│[0m[38;2;185;185;185;48;2;18;18;18m│[0m[48;2;18;18;18m                                [0m[38;2;185;185;185;48;2;18;18;18m│[0m
[9;1H[38;2;185;185;185;48;2;18;18;18m│[0m[48;2;18;18;18m                  [0m[38;2;185;185;185;48;2;18;18;18m│[0m[38;2;185;185;185;48;2;18;18;18m│[0m[48;2;18;18;18m                        [0m[38;2;185;185;185;48;2;18;18;18m│[0m[38;2;185;185;185;48;2;18;18;18m│[0m[48;2;18;18;18m                                [0m[38;2;185;185;185;48;2;18;18;18m│[0m
[10;1H[38;2;185;185;185;48;2;18;18;18m│[0m[48;2;18;18;18m                  [0m[38;2;185;185;185;48;2;18;18;18m│[0m[38;2;185;185;185;48;2;18;18;18m│[0m[48;2;18;18;18m                        [0m[38;2;185;185;185;48;2;18;18;18m│[0m[38;2;185;185;185;48;2;18;18;18m│[0m[48;2;18;18;18m                                [0m[38;2;185;185;185;48;2;18;18;18m│[0m
[11;1H[38;2;185;185;185;48;2;18;18;18m│[0m[48;2;18;18;18m                  [0m[38;2;185;185;185;48;2;18;18;18m│[0m[38;2;185;185;185;48;2;18;18;18m│[0m[48;2;18;18;18m                        [0m[38;2;185;185;185;48;2;18;18;18m│[0m[38;2;185;185;185;48;2;18;18;18m│[0m[48;2;18;18;18m                                [0m[38;2;185;185;185;48;2;18;18;18m│[0m
[12;1H[38;2;185;185;185;48;2;18;18;18m│[0m[48;2;18;18;18m                  [0m[38;2;185;185;185;48;2;18;18;18m│[0m[38;2;185;185;185;48;2;18;18;18m│[0m[48;2;18;18;18m                        [0m[38;2;185;185;185;48;2;18;18;18m│[0m[38;2;185;185;185;48;2;18;18;18m│[0m[48;2;18;18;18m                                [0m[38;2;185;185;185;48;2;18;18;18m│[0m
[13;1H[38;2;185;185;185;48;2;18;18;18m│[0m[48;2;18;18;18m                  [0m[38;2;185;185;185;48;2;18;18;18m│[0m[38;2;185;185;185;48;2;18;18;18m│[0m[48;2;18;18;18m                        [0m[38;2;185;185;185;48;2;18;18;18m│[0m[38;2;185;185;185;48;2;18;18;18m│[0m[48;2;18;18;18m                                [0m[38;2;185;185;185;48;2;18;18;18m│[0m
[14;1H[38;2;185;185;185;48;2;18;18;18m│[0m[48;2;18;18;18m                  [0m[38;2;185;185;185;48;2;18;18;18m│[0m[38;2;185;185;185;48;2;18;18;18m│[0m[48;2;18;18;18m                        [0m[38;2;185;185;185;48;2;18;18;18m│[0m[38;2;185;185;185;48;2;18;18;18m│[0m[48;2;18;18;18m                                [0m[38;2;185;185;185;48;2;18;18;18m│[0m
[15;1H[38;2;185;185;185;48;2;18;18;18m│[0m[48;2;18;18;18m                  [0m[38;2;185;185;185;48;2;18;18;18m│[0m[38;2;185;185;185;48;2;18;18;18m│[0m[48;2;18;18;18m                        [0m[38;2;185;185;185;48;2;18;18;18m│[0m[38;2;185;185;185;48;2;18;18;18m│[0m[48;2;18;18;18m                                [0m[38;2;185;185;185;48;2;18;18;18m│[0m
[16;1H[38;2;185;185;185;48;2;18;18;18m│[0m[48;2;18;18;18m                  [0m[38;2;185;185;185;48;2;18;18;18m│[0m[38;2;185;185;185;48;2;18;18;18m│[0m[48;2;18;18;18m                        [0m[38;2;185;185;185;48;2;18;18;18m│[0m[38;2;185;185;185;48;2;18;18;18m│[0m[48;2;18;18;18m                                [0m[38;2;185;185;185;48;2;18;18;18m│[0m
[17;1H[38;2;185;185;185;48;2;18;18;18m│[0m[48;2;18;18;18m                  [0m[38;2;185;185;185;48;2;18;18;18m│[0m[38;2;185;185;185;48;2;18;18;18m│[0m[48;2;18;18;18m                        [0m[38;2;185;185;185;48;2;18;18;18m│[0m[38;2;185;185;185;48;2;18;18;18m│[0m[48;2;18;18;18m                                [0m[38;2;185;185;185;48;2;18;18;18m│[0m
[18;1H[38;2;185;185;185;48;2;18;18;18m│[0m[48;2;18;18;18m                  [0m[38;2;185;185;185;48;2;18;18;18m│[0m[38;2;185;185;185;48;2;18;18;18m│[0m[48;2;18;18;18m                        [0m[38;2;185;185;185;48;2;18;18;18m│[0m[38;2;185;185;185;48;2;18;18;18m│[0m[48;2;18;18;18m                                [0m[38;2;185;185;185;48;2;18;18;18m│[0m
[19;1H[38;2;185;185;185;48;2;18;18;18m│[0m[48;2;18;18;18m                  [0m[38;2;185;185;185;48;2;18;18;18m│[0m[38;2;185;185;185;48;2;18;18;18m│[0m[48;2;18;18;18m                        [0m[38;2;185;185;185;48;2;18;18;18m│[0m[38;2;185;185;185;48;2;18;18;18m│[0m[48;2;18;18;18m                                [0m[38;2;185;185;185;48;2;18;18;18m│[0m
[20;1H[38;2;185;185;185;48;2;18;18;18m│[0m[48;2;18;18;18m                  [0m[38;2;185;185;185;48;2;18;18;18m│[0m[38;2;185;185;185;48;2;18;18;18m│[0m[48;2;18;18;18m                        [0m[38;2;185;185;185;48;2;18;18;18m│[0m[38;2;185;185;185;48;2;18;18;18m│[0m[48;2;18;18;18m                                [0m[38;2;185;185;185;48;2;18;18;18m│[0m
[21;1H[38;2;185;185;185;48;2;18;18;18m│[0m[48;2;18;18;18m                  [0m[38;2;185;185;185;48;2;18;18;18m│[0m[38;2;185;185;185;48;2;18;18;18m│[0m[48;2;18;18;18m                        [0m[38;2;185;185;185;48;2;18;18;18m│[0m[38;2;185;185;185;48;2;18;18;18m│[0m[48;2;18;18;18m                                [0m[38;2;185;185;185;48;2;18;18;18m│[0m
[22;1H[38;2;185;185;185;48;2;18;18;18m╰[0m[38;2;185;185;185;48;2;18;18;18m──────────────────[0m[38;2;185;185;185;48;2;18;18;18m╯[0m[38;2;185;185;185;48;2;18;18;18m╰[0m[38;2;185;185;185;48;2;18;18;18m────────────────────────[0m[38;2;185;185;185;48;2;18;18;18m╯[0m[38;2;185;185;185;48;2;18;18;18m╰[0m[38;2;185;185;185;48;2;18;18;18m────────────────────────────────[0m[38;2;185;185;185;48;2;18;18;18m╯[0m
[23;1H[38;2;185;185;185;48;2;18;18;18m已同步 — · 待推送 0 · 逻辑日 —[0m[48;2;18;18;18m                                                  [0m
[24;1H[48;2;45;45;45m                                                                                [0m[1;1H[?2004l[?7h[?1000l[?1003l[?1015l[?1006l[<u[?1049l[?25h[?1004l[?1000l[?1003l[?1015l[?1006l
脚本完成于 2026-10-05 02:27:22+08:00 [COMMAND_EXIT_CODE="0"]
